     0/9       38/38     0.144     0.237      21.9         0      22.3        53      3.52      0.333     0.0145     0.0109     0.0279       7.53
     1/9       38/38     0.134     0.088      3.92         0      4.14        59     0.231      0.343      0.474       0.26      0.398       3.51
     2/9       38/38     0.125    0.0659      2.21         0       2.4        65    0.0477      0.488      0.593      0.421      0.535       2.77
     3/9       38/38     0.119    0.0511      1.91         0      2.08        54    0.0495      0.343       0.75       0.54       0.47       2.18
     4/9       38/38     0.115     0.037      1.67         0      1.82        55    0.0476      0.424      0.738      0.551      0.539       2.17
     5/9       38/38     0.108    0.0352      1.58         0      1.73        52     0.048      0.399      0.805      0.631      0.533       1.98
     6/9       38/38     0.106    0.0321      1.49         0      1.62        57    0.0471      0.451      0.837       0.68      0.586       1.95
     7/9       38/38     0.102    0.0273      1.42         0      1.55        58    0.0497       0.39      0.843      0.686      0.534       1.85
     8/9       38/38    0.0971    0.0247      1.41         0      1.53        67    0.0497      0.397      0.858      0.692      0.542       1.85
     9/9       38/38    0.0986    0.0244      1.41         0      1.53        53    0.0456      0.402      0.858      0.691      0.547       1.85
